positive/n02096585_10380.jpg 1 7 4 342 326
positive/n02096585_10452.jpg 1 189 63 203 209
positive/n02096585_10596.jpg 1 263 126 122 150
positive/n02096585_10604.jpg 1 301 201 94 107
positive/n02096585_1069.jpg 1 121 83 171 188
positive/n02096585_10734.jpg 1 150 145 210 227
positive/n02096585_10768.jpg 1 167 92 157 174
positive/n02096585_10823.jpg 1 81 105 218 212
positive/n02096585_10846.jpg 1 199 130 149 153
positive/n02096585_11180.jpg 1 226 64 95 112
positive/n02096585_11417.jpg 1 209 34 232 221
positive/n02096585_11427.jpg 1 132 115 110 121
positive/n02096585_1143.jpg 1 221 121 57 64
positive/n02096585_11476.jpg 1 115 44 68 69
positive/n02096585_11614.jpg 1 71 107 162 187
positive/n02096585_1172.jpg 1 212 77 42 32
positive/n02096585_11731.jpg 1 158 218 93 83
positive/n02096585_11776.jpg 2 47 196 104 120 377 76 93 98
positive/n02096585_1179.jpg 1 259 26 170 165
positive/n02096585_11808.jpg 1 301 93 142 174
positive/n02096585_11817.jpg 1 115 70 131 127
positive/n02096585_11836.jpg 1 76 51 171 134
positive/n02096585_1207.jpg 1 82 113 123 111
positive/n02096585_12168.jpg 1 85 87 193 243
positive/n02096585_12352.jpg 1 101 311 158 146
positive/n02096585_12362.jpg 1 112 13 195 226
positive/n02096585_12372.jpg 1 241 56 146 170
positive/n02096585_12374.jpg 1 58 92 70 64
positive/n02096585_12464.jpg 1 83 94 163 158
positive/n02096585_12485.jpg 1 82 82 105 98
positive/n02096585_1260.jpg 1 306 73 63 74
positive/n02096585_12716.jpg 1 144 77 93 108
positive/n02096585_12776.jpg 1 136 94 201 192
positive/n02096585_1281.jpg 1 93 103 254 213
positive/n02096585_12825.jpg 0
positive/n02096585_12844.jpg 1 73 108 101 105
positive/n02096585_12880.jpg 1 171 80 105 117
positive/n02096585_1295.jpg 1 119 95 206 168
positive/n02096585_1307.jpg 1 165 219 45 47
positive/n02096585_1311.jpg 1 229 116 55 53
positive/n02096585_1313.jpg 1 197 104 115 122
positive/n02096585_1347.jpg 1 142 133 271 310
positive/n02096585_1403.jpg 1 137 124 118 118
positive/n02096585_1439.jpg 1 206 111 88 118
positive/n02096585_1449.jpg 1 154 130 148 121
positive/n02096585_145.jpg 1 56 72 212 237
positive/n02096585_1450.jpg 2 305 52 98 96 6 138 111 98
positive/n02096585_1525.jpg 0
positive/n02096585_1532.jpg 1 31 100 110 115
positive/n02096585_1559.jpg 1 185 91 57 56
positive/n02096585_1562.jpg 1 71 48 197 182
positive/n02096585_1568.jpg 1 182 83 144 135
positive/n02096585_1571.jpg 1 87 54 95 92
positive/n02096585_1572.jpg 1 132 99 152 190
positive/n02096585_1583.jpg 1 167 65 58 57
positive/n02096585_1586.jpg 1 147 145 127 128
positive/n02096585_1624.jpg 1 133 189 132 162
positive/n02096585_1645.jpg 1 170 49 143 172
positive/n02096585_1668.jpg 1 263 87 122 146
positive/n02096585_169.jpg 1 130 177 104 125
positive/n02096585_1692.jpg 1 62 47 235 255
positive/n02096585_1737.jpg 1 114 76 216 257
positive/n02096585_1753.jpg 1 195 92 93 120
positive/n02096585_1756.jpg 1 82 122 203 209
positive/n02096585_1761.jpg 1 74 106 159 165
positive/n02096585_1775.jpg 1 181 40 118 114
positive/n02096585_1856.jpg 1 371 135 53 69
positive/n02096585_19.jpg 1 157 86 135 150
positive/n02096585_1924.jpg 1 147 107 143 161
positive/n02096585_1947.jpg 1 218 219 78 98
positive/n02096585_1952.jpg 1 144 90 116 128
positive/n02096585_1963.jpg 1 283 135 82 90
positive/n02096585_1970.jpg 1 122 103 226 199
positive/n02096585_1976.jpg 1 156 124 203 239
positive/n02096585_1992.jpg 1 151 189 156 160
positive/n02096585_2008.jpg 1 260 56 116 139
positive/n02096585_2042.jpg 1 234 146 54 61
positive/n02096585_2082.jpg 1 62 68 108 121
positive/n02096585_2098.jpg 1 58 61 248 299
positive/n02096585_210.jpg 1 86 132 253 278
positive/n02096585_2108.jpg 1 147 67 50 42
positive/n02096585_2177.jpg 1 183 33 252 236
positive/n02096585_2180.jpg 1 186 77 181 188
positive/n02096585_2260.jpg 1 88 67 213 227
positive/n02096585_2354.jpg 1 177 88 79 74
positive/n02096585_237.jpg 2 155 173 46 41 247 232 57 46
positive/n02096585_2374.jpg 1 56 53 158 151
positive/n02096585_2379.jpg 1 37 214 106 98
positive/n02096585_2394.jpg 1 129 10 258 266
positive/n02096585_2419.jpg 1 94 55 175 200
positive/n02096585_2431.jpg 1 170 66 171 203
positive/n02096585_2450.jpg 1 281 58 115 123
positive/n02096585_2493.jpg 1 223 50 86 102
positive/n02096585_2513.jpg 1 133 33 96 102
positive/n02096585_2560.jpg 1 179 101 156 188
positive/n02096585_2583.jpg 1 214 47 166 204
positive/n02096585_2671.jpg 1 196 43 114 94
positive/n02096585_2696.jpg 1 147 50 241 223
positive/n02096585_2725.jpg 1 147 107 108 146
positive/n02096585_2727.jpg 1 40 25 167 185
positive/n02096585_2800.jpg 1 89 112 224 186
positive/n02096585_2809.jpg 1 158 126 181 204
positive/n02096585_2821.jpg 1 174 12 134 159
positive/n02096585_2828.jpg 1 277 70 144 169
positive/n02096585_2900.jpg 1 39 5 284 253
positive/n02096585_2947.jpg 1 98 104 282 222
positive/n02096585_296.jpg 1 149 114 211 181
positive/n02096585_3105.jpg 1 67 147 125 104
positive/n02096585_311.jpg 1 148 89 269 230
positive/n02096585_318.jpg 1 118 84 210 221
positive/n02096585_32.jpg 1 84 40 125 159
positive/n02096585_341.jpg 1 323 83 138 146
positive/n02096585_342.jpg 1 340 119 73 71
positive/n02096585_353.jpg 1 44 65 86 92
positive/n02096585_3681.jpg 1 138 49 82 109
positive/n02096585_3697.jpg 1 106 55 127 142
positive/n02096585_3738.jpg 1 153 199 198 151
positive/n02096585_3861.jpg 1 71 82 280 267
positive/n02096585_4103.jpg 1 120 189 77 75
positive/n02096585_4136.jpg 1 123 59 149 171
positive/n02096585_414.jpg 2 91 156 114 119 224 50 85 101
positive/n02096585_4321.jpg 1 242 93 65 54
positive/n02096585_4418.jpg 1 142 116 189 160
positive/n02096585_4451.jpg 1 51 30 102 112
positive/n02096585_4534.jpg 1 182 60 104 100
positive/n02096585_454.jpg 1 167 62 69 79
positive/n02096585_4575.jpg 1 171 11 90 127
positive/n02096585_4662.jpg 1 373 38 74 89
positive/n02096585_4774.jpg 0
positive/n02096585_4983.jpg 1 138 13 183 235
positive/n02096585_5043.jpg 1 62 9 86 97
positive/n02096585_507.jpg 1 88 41 253 237
positive/n02096585_5104.jpg 1 134 167 144 162
positive/n02096585_5171.jpg 1 300 33 79 97
positive/n02096585_5260.jpg 2 99 67 67 65 271 62 65 69
positive/n02096585_554.jpg 1 127 100 243 243
positive/n02096585_5599.jpg 1 230 98 85 68
positive/n02096585_5855.jpg 1 287 82 50 58
positive/n02096585_5943.jpg 1 126 92 136 160
positive/n02096585_5980.jpg 1 342 96 67 88
positive/n02096585_6028.jpg 1 147 39 158 212
positive/n02096585_6238.jpg 1 219 168 66 64
positive/n02096585_6367.jpg 1 196 95 103 109
positive/n02096585_6567.jpg 1 162 30 125 157
positive/n02096585_657.jpg 1 168 14 223 286
positive/n02096585_664.jpg 1 115 241 189 187
positive/n02096585_6653.jpg 1 217 37 72 73
positive/n02096585_670.jpg 1 98 48 117 132
positive/n02096585_6766.jpg 1 118 145 164 173
positive/n02096585_6855.jpg 1 211 30 63 66
positive/n02096585_6874.jpg 1 39 156 110 87
positive/n02096585_6940.jpg 1 30 70 151 171
positive/n02096585_7101.jpg 1 109 117 106 96
positive/n02096585_7314.jpg 1 124 117 172 252
positive/n02096585_7542.jpg 1 127 120 142 146
positive/n02096585_772.jpg 1 91 90 151 155
positive/n02096585_7859.jpg 1 184 120 65 68
positive/n02096585_7887.jpg 1 75 24 91 97
positive/n02096585_7933.jpg 1 56 61 147 124
positive/n02096585_8065.jpg 1 103 86 251 193
positive/n02096585_8120.jpg 1 251 135 62 73
positive/n02096585_8148.jpg 2 208 63 85 96 303 128 92 90
positive/n02096585_8203.jpg 1 77 165 233 237
positive/n02096585_8323.jpg 1 42 70 187 196
positive/n02096585_8396.jpg 1 153 25 81 85
positive/n02096585_865.jpg 1 200 30 188 193
positive/n02096585_8971.jpg 1 113 54 221 234
positive/n02096585_904.jpg 1 127 161 158 160
positive/n02096585_9122.jpg 1 150 53 100 108
positive/n02096585_9153.jpg 1 91 109 154 150
positive/n02096585_9343.jpg 1 75 101 165 179
positive/n02096585_942.jpg 1 135 233 241 182
positive/n02096585_9511.jpg 1 150 151 177 130
positive/n02096585_9534.jpg 1 164 99 148 127
positive/n02096585_956.jpg 1 79 220 129 139
positive/n02096585_9681.jpg 1 191 101 98 107
positive/n02096585_9725.jpg 1 266 152 48 52
positive/n02096585_976.jpg 0
positive/n02096585_9834.jpg 0
positive/n02096585_9909.jpg 2 215 72 68 64 311 140 51 54
positive/n02096585_9912.jpg 1 48 193 204 154
positive/n02096585_994.jpg 0
